 a=[0.5937    0.3942    0.6226    0.7837    0.8677    0.9056    0.7754         0         0
    0.5000    0.3504    0.5350    0.7230    0.7808    0.7952    0.6752         0    0.1667
    0.4375    0.3066    0.4398    0.6488    0.6749    0.6643    0.5613         0    0.3333
    0.3437    0.2701    0.3378    0.5614    0.5508    0.5146    0.4385         0    0.5000
    0.2500    0.2263    0.2300    0.4557    0.4104    0.3506    0.3121         0    0.6667
    0.6562    0.4891    0.5939    0.7594    0.8629    0.8668    0.7699    0.0250         0
    0.6250    0.4453    0.5131    0.6950    0.7754    0.7557    0.6720    0.0250    0.1667
    0.5625    0.4088    0.4263    0.6185    0.6685    0.6262    0.5619    0.0250    0.3333
    0.4687    0.3650    0.3345    0.5249    0.5432    0.4808    0.4436    0.0250    0.5000
    0.4687    0.3650    0.3345    0.5249    0.5432    0.4808    0.4436    0.0250    0.6667
    0.7187    0.5255    0.5703    0.7339    0.8580    0.8357    0.7670    0.0500         0
    0.6562    0.4818    0.4962    0.6671    0.7694    0.7267    0.6727    0.0500    0.1667
    0.5937    0.4453    0.4179    0.5869    0.6614    0.6016    0.5671    0.0500    0.3333
    0.5312    0.4015    0.3361    0.4885    0.5351    0.4637    0.4544    0.0500    0.5000
    0.4375    0.3577    0.2519    0.3718    0.3909    0.3182    0.3395    0.0500    0.6667
    0.7187    0.5328    0.5552    0.7132    0.8537    0.8157    0.7673    0.0750         0
    0.6875    0.4964    0.4878    0.6440    0.7640    0.7109    0.6776    0.0750    0.1667
    0.6250    0.4599    0.4179    0.5601    0.6550    0.5931    0.5776    0.0750    0.3333
    0.5312    0.4161    0.3454    0.4581    0.5270    0.4660    0.4714    0.0750    0.5000
    0.4375    0.3650    0.2730    0.3378    0.3817    0.3348    0.3636    0.0750    0.6667
    0.7187    0.5401    0.5493    0.6999    0.8499    0.8082    0.7710    0.1000         0
    0.6875    0.5036    0.4886    0.6282    0.7592    0.7100    0.6866    0.1000    0.1667
    0.6250    0.4599    0.4263    0.5407    0.6490    0.6018    0.5929    0.1000    0.3333
    0.5625    0.4161    0.3639    0.4374    0.5200    0.4881    0.4941    0.1000    0.5000
    0.4375    0.3577    0.3024    0.3147    0.3737    0.3738    0.3944    0.1000    0.6667
    0.7187    0.5547    0.5552    0.6950    0.8472    0.8139    0.7776    0.1250         0
    0.6875    0.5182    0.5013    0.6221    0.7554    0.7240    0.6991    0.1250    0.1667
    0.6250    0.4745    0.4465    0.5334    0.6442    0.6275    0.6124    0.1250    0.3333
    0.5312    0.4234    0.3934    0.4277    0.5140    0.5291    0.5210    0.1250    0.5000
    0.4375    0.3650    0.3429    0.3038    0.3666    0.4333    0.4199    0.1250    0.6667
    0.7187    0.5912    0.5754    0.6999    0.8450    0.8319    0.7869    0.1500         0
    0.6875    0.5474    0.5274    0.6258    0.7527    0.7519    0.7129    0.1500    0.1667
    0.6250    0.4964    0.4802    0.5371    0.6404    0.6688    0.6207    0.1500    0.3333
    0.5312    0.4453    0.4356    0.4313    0.5092    0.5868    0.5068    0.1500    0.5000
    0.4375    0.3796    0.3951    0.3086    0.3607    0.5104    0.3805    0.1500    0.6667
    0.7187    0.6350    0.6116    0.7169    0.8434    0.8621    0.7993    0.1750         0
    0.6562    0.5912    0.5695    0.6428    0.7505    0.7929    0.7269    0.1750    0.1667
    0.5937    0.5474    0.5299    0.5541    0.6377    0.7235    0.6200    0.1750    0.3333
    0.5312    0.4891    0.4928    0.4484    0.5059    0.6584    0.4960    0.1750    0.5000
    0.4062    0.4234    0.4608    0.3281    0.3569    0.6012    0.3614    0.1750    0.6667
    0.7500    0.5255    0.5821    0.6987    0.8477    0.8828    0.7585    0.2000         0
    0.6875    0.4745    0.5358    0.6209    0.7522    0.8204    0.6523    0.2000    0.1667
    0.6562    0.4234    0.4937    0.5298    0.6366    0.7616    0.5321    0.2000    0.3333
    0.5937    0.3577    0.4558    0.4228    0.5022    0.7100    0.4018    0.2000    0.5000
    0.5000    0.2847    0.4229    0.3026    0.3504    0.6685    0.2660    0.2000    0.6667
    0.7500    0.5328    0.5771    0.6926    0.8456    0.8862    0.7422    0.2250         0
    0.7187    0.4818    0.5366    0.6173    0.7495    0.8353    0.6352    0.2250    0.1667
    0.6562    0.4307    0.5004    0.5286    0.6334    0.7902    0.5159    0.2250    0.3333
    0.5937    0.3650    0.4693    0.4265    0.4984    0.7533    0.3881    0.2250    0.5000
    0.5312    0.2847    0.4448    0.3111    0.3467    0.7267    0.2572    0.2250    0.6667
    0.7500    0.5474    0.5796    0.6926    0.8440    0.8941    0.7371    0.2500         0
    0.7187    0.5036    0.5442    0.6197    0.7478    0.8535    0.6323    0.2500    0.1667
    0.6562    0.4453    0.5139    0.5346    0.6312    0.8197    0.5176    0.2500    0.3333
    0.5937    0.3796    0.4895    0.4386    0.4962    0.7943    0.3969    0.2500    0.5000
    0.5625    0.2993    0.4701    0.3305    0.3440    0.7776    0.2759    0.2500    0.6667
    0.7812    0.5766    0.5906    0.6974    0.8434    0.9060    0.7430    0.2750         0
    0.7187    0.5255    0.5602    0.6282    0.7462    0.8740    0.6440    0.2750    0.1667
    0.6875    0.4745    0.5350    0.5492    0.6301    0.8486    0.5375    0.2750    0.3333
    0.6250    0.4015    0.5147    0.4581    0.4951    0.8301    0.4287    0.2750    0.5000
    0.5625    0.3212    0.5013    0.3584    0.3434    0.8177    0.3229    0.2750    0.6667
    0.7812    0.6131    0.6099    0.7096    0.8429    0.9218    0.7599    0.3000         0
    0.7500    0.5620    0.5838    0.6440    0.7462    0.8957    0.6695    0.3000    0.1667
    0.7187    0.5036    0.5628    0.5699    0.6296    0.8749    0.5752    0.3000    0.3333
    0.6250    0.4380    0.5476    0.4872    0.4951    0.8587    0.4821    0.3000    0.5000
    0.5937    0.3504    0.5375    0.3961    0.3445    0.8441    0.3963    0.3000    0.6667
    0.8125    0.7080    0.7405    0.8141    0.8494    1.0000    0.9235    0.3250         0
    0.7500    0.6496    0.7060    0.7448    0.7522    0.9777    0.8466    0.3250    0.1667
    0.7187    0.5839    0.6773    0.6695    0.6361    0.9495    0.7587    0.3250    0.3333
    0.5937    0.4161    0.6386    0.5006    0.3521    0.8716    0.6080    0.3250    0.5000
    0.5937    0.4161    0.6386    0.5006    0.3521    0.8716    0.6080    0.3250    0.6667
    0.8125    0.7518    0.7692    0.8287    0.8494    0.9971    0.9339    0.3500         0
    %0.7812    0.7007    0.7380    0.7667    0.7532    0.9721    0.8871    0.3500    0.1667
    0.7187    0.6350    0.7136    0.6987    0.6382    0.9403    0.8177    0.3500    0.3333
    0.6875    0.5547    0.6942    0.6245    0.5054    0.9009    0.7570    0.3500    0.5000
    0.6250    0.4672    0.6799    0.5492    0.3564    0.8533    0.7104    0.3500    0.6667
    0.8438    0.8102    0.8096    0.8518    0.8504    0.9944    0.9432    0.3750         0
    0.7812    0.7591    0.7818    0.7947    0.7554    0.9667    0.9208    0.3750    0.1667
    0.7500    0.6934    0.7599    0.7339    0.6415    0.9311    0.8826    0.3750    0.3333
    0.6875    0.6131    0.7422    0.6695    0.5097    0.8873    0.8417    0.3750    0.5000
    0.6562    0.5182    0.7287    0.6051    0.3629    0.8353    0.8136    0.3750    0.6667
    0.7812    0.5912    0.7085    0.8335    0.8488    0.9784    0.9637    0.4000         0
    0.7500    0.5255    0.6681    0.7716    0.7532    0.9459    0.9370    0.4000    0.1667
    0.7187    0.4526    0.6327    0.7072    0.6398    0.9045    0.8951    0.4000    0.3333
    0.6562    0.3650    0.6032    0.6428    0.5097    0.8515    0.8582    0.4000    0.5000
    0.5937    0.2628    0.5779    0.5796    0.3645    0.7760    0.8293    0.4000    0.6667
    0.8125    0.6058    0.7060    0.8311    0.8499    0.9716    0.9622    0.4250         0
