d17=[5.1633   33.1470   91.8240  190.7900  291.6100  503.1000  702.4200  330.6000   30.0000
    5.1630   33.1410   91.7200  190.2900  290.0000  498.2000  696.4900  330.6000   35.0000
    5.1628   33.1350   91.6070  189.6800  288.0400  492.3900  689.7500  330.6000   40.0000
    5.1625   33.1300   91.4860  188.9600  285.7400  485.7500  682.4800  330.6000   45.0000
    5.1622   33.1240   91.3580  188.0900  283.1400  478.4700  675.0000  330.6000   50.0000
    5.1635   33.1600   91.7900  190.5900  291.5200  501.3800  702.0900  335.6000   30.0000
    5.1634   33.1540   91.6940  190.0600  289.9000  496.4500  696.3000  335.6000   35.0000
    5.1632   33.1490   91.5910  189.4300  287.9200  490.7000  689.7800  335.6000   40.0000
    5.1629   33.1430   91.4820  188.6600  285.6000  484.2500  682.7800  335.6000   45.0000
    5.1629   33.1430   91.4820  188.6600  285.6000  484.2500  682.7800  335.6000   50.0000
    5.1637   33.1650   91.7620  190.3800  291.4300  500.0000  701.9200  340.6000   30.0000
    5.1635   33.1590   91.6740  189.8300  289.7900  495.1600  696.3400  340.6000   35.0000
    5.1633   33.1540   91.5810  189.1700  287.7900  489.6100  690.0900  340.6000   40.0000
    5.1631   33.1480   91.4840  188.3600  285.4500  483.4900  683.4200  340.6000   45.0000
    5.1628   33.1420   91.3840  187.4000  282.7800  477.0300  676.6200  340.6000   50.0000
    5.1637   33.1660   91.7440  190.2100  291.3500  499.1100  701.9400  345.6000   30.0000
    5.1636   33.1610   91.6640  189.6400  289.6900  494.4600  696.6300  345.6000   35.0000
    5.1634   33.1560   91.5810  188.9500  287.6700  489.2300  690.7100  345.6000   40.0000
    5.1631   33.1500   91.4950  188.1100  285.3000  483.5900  684.4300  345.6000   45.0000
    5.1628   33.1430   91.4090  187.1200  282.6100  477.7700  678.0500  345.6000   50.0000
    5.1637   33.1670   91.7370  190.1000  291.2800  498.7800  702.1600  350.6000   30.0000
    5.1636   33.1620   91.6650  189.5100  289.6000  494.4200  697.1600  350.6000   35.0000
    5.1634   33.1560   91.5910  188.7900  287.5600  489.6200  691.6200  350.6000   40.0000
    5.1632   33.1500   91.5170  187.9400  285.1700  484.5700  685.7700  350.6000   45.0000
    5.1628   33.1420   91.4440  186.9300  282.4600  479.5000  679.8700  350.6000   50.0000
    5.1637   33.1690   91.7440  190.0600  291.2300  499.0300  702.5500  355.6000   30.0000
    5.1636   33.1640   91.6800  189.4600  289.5300  495.0400  697.9000  355.6000   35.0000
    5.1634   33.1580   91.6150  188.7300  287.4700  490.7600  692.7700  355.6000   40.0000
    5.1631   33.1510   91.5520  187.8600  285.0600  486.3900  687.3600  355.6000   45.0000
    5.1628   33.1430   91.4920  186.8400  282.3300  482.1400  681.3800  355.6000   50.0000
    5.1637   33.1740   91.7680  190.1000  291.1900  499.8300  703.1000  360.6000   30.0000
    5.1636   33.1680   91.7110  189.4900  289.4800  496.2800  698.7200  360.6000   35.0000
    5.1634   33.1610   91.6550  188.7600  287.4000  492.5900  693.2600  360.6000   40.0000
    5.1631   33.1540   91.6020  187.8900  284.9700  488.9500  686.5200  360.6000   45.0000
    5.1628   33.1450   91.5540  186.8800  282.2200  485.5600  679.0500  360.6000   50.0000
    5.1637   33.1800   91.8110  190.2400  291.1600  501.1700  703.8300  365.6000   30.0000
    5.1635   33.1740   91.7610  189.6300  289.4400  498.1000  699.5500  365.6000   35.0000
    5.1633   33.1680   91.7140  188.9000  287.3500  495.0200  693.2200  365.6000   40.0000
    5.1631   33.1600   91.6700  188.0300  284.9100  492.1300  685.8800  365.6000   45.0000
    5.1627   33.1510   91.6320  187.0400  282.1500  489.5900  677.9200  365.6000   50.0000
    5.1638   33.1650   91.7760  190.0900  291.2400  502.0900  701.4200  370.6000   30.0000
    5.1636   33.1580   91.7210  189.4500  289.4700  499.3200  695.1300  370.6000   35.0000
    5.1635   33.1510   91.6710  188.7000  287.3300  496.7100  688.0200  370.6000   40.0000
    5.1633   33.1420   91.6260  187.8200  284.8400  494.4200  680.3100  370.6000   45.0000
    5.1630   33.1320   91.5870  186.8300  282.0300  492.5800  672.2700  370.6000   50.0000
    5.1638   33.1660   91.7700  190.0400  291.2000  502.2400  700.4500  375.6000   30.0000
    5.1637   33.1590   91.7220  189.4200  289.4200  499.9800  694.1200  375.6000   35.0000
    5.1635   33.1520   91.6790  188.6900  287.2700  497.9800  687.0600  375.6000   40.0000
    5.1633   33.1430   91.6420  187.8500  284.7700  496.3400  679.5000  375.6000   45.0000
    5.1631   33.1320   91.6130  186.9000  281.9600  495.1600  671.7500  375.6000   50.0000
    5.1638   33.1680   91.7730  190.0400  291.1700  502.5900  700.1500  380.6000   30.0000
    5.1637   33.1620   91.7310  189.4400  289.3900  500.7900  693.9500  380.6000   35.0000
    5.1635   33.1540   91.6950  188.7400  287.2300  499.2900  687.1600  380.6000   40.0000
    5.1633   33.1450   91.6660  187.9500  284.7300  498.1600  680.0200  380.6000   45.0000
    5.1632   33.1340   91.6430  187.0600  281.9100  497.4200  672.8600  380.6000   50.0000
    5.1639   33.1720   91.7860  190.0800  291.1600  503.1200  700.5000  385.6000   30.0000
    5.1637   33.1650   91.7500  189.5100  289.3600  501.7000  694.6400  385.6000   35.0000
    5.1636   33.1580   91.7200  188.8600  287.2100  500.5700  688.3400  385.6000   40.0000
    5.1634   33.1480   91.6960  188.1100  284.7100  499.7500  681.9000  385.6000   45.0000
    5.1632   33.1370   91.6800  187.2900  281.9000  499.2000  675.6400  385.6000   50.0000
    5.1639   33.1770   91.8090  190.1800  291.1500  503.8200  701.5000  390.6000   30.0000
    5.1638   33.1700   91.7780  189.6400  289.3600  502.6600  696.1500  390.6000   35.0000
    5.1637   33.1620   91.7530  189.0300  287.2000  501.7400  690.5700  390.6000   40.0000
    5.1634   33.1530   91.7350  188.3500  284.7100  501.0200  685.0600  390.6000   45.0000
    5.1633   33.1410   91.7230  187.6000  281.9200  500.3700  679.9800  390.6000   50.0000
    5.1640   33.1900   91.9640  191.0400  291.2700  507.2900  711.1800  395.6000   30.0000
    5.1638   33.1820   91.9230  190.4700  289.4700  506.3000  706.6300  395.6000   35.0000
    5.1637   33.1730   91.8890  189.8500  287.3200  505.0500  701.4300  395.6000   40.0000
    5.1633   33.1500   91.8430  188.4600  282.0600  501.5900  692.5100  395.6000   45.0000
    5.1633   33.1500   91.8430  188.4600  282.0600  501.5900  692.5100  395.6000   50.0000
    5.1640   33.1960   91.9980  191.1600  291.2700  507.1600  711.8000  400.6000   30.0000
    5.1639   33.1890   91.9610  190.6500  289.4900  506.0500  709.0300  400.6000   35.0000%%%%%
    5.1637   33.1800   91.9320  190.0900  287.3600  504.6400  704.9200  400.6000   40.0000
    5.1636   33.1690   91.9090  189.4800  284.9000  502.8900  701.3300  400.6000   45.0000
    5.1634   33.1570   91.8920  188.8600  282.1400  500.7800  698.5700  400.6000   50.0000
    5.1641   33.2040   92.0460  191.3500  291.2900  507.0400  712.3500  405.6000   30.0000
    5.1639   33.1970   92.0130  190.8800  289.5300  505.8100  711.0200  405.6000   35.0000
    5.1638   33.1880   91.9870  190.3800  287.4200  504.2300  708.7600  405.6000   40.0000
    5.1636   33.1770   91.9660  189.8500  284.9800  502.2900  706.3400  405.6000   45.0000
    5.1635   33.1640   91.9500  189.3200  282.2600  499.9800  704.6800  405.6000   50.0000
    5.1639   33.1740   91.9260  191.2000  291.2600  506.3300  713.5600  410.6000   30.0000
    5.1638   33.1650   91.8780  190.6900  289.4900  504.8900  711.9800  410.6000   35.0000
    5.1637   33.1550   91.8360  190.1600  287.3900  503.0500  709.5000  410.6000   40.0000
    5.1635   33.1430   91.8010  189.6300  284.9800  500.7000  707.3200  410.6000   45.0000
    5.1633   33.1290   91.7710  189.1100  282.2900  497.3500  705.6100  410.6000   50.0000
    5.1640   33.1760   91.9230  191.1800  291.2800  506.0300  713.4700  415.6000   30.0000
