y12=[400.6000   35.0000
    475.6000   45.0000
    460.6000   52.5000
    488.1000   57.5000
    505.6000   55.0000
    400.000    50.000];
