test1=[5.0060   30.7622   88.5171  177.2038  286.4177  439.9990
    5.0061   30.7576   88.4497  178.1054  285.6954  430.4087
    5.0061   30.7530   88.3516  177.8916  283.4000  422.8529
    5.0062   30.7493   88.2515  176.8506  286.3385  427.3134
    5.0058   30.7187   88.2168  177.5199  281.6587  421.0270
    5.0060   30.7500   88.3500  176.7000  284.7500  432.5000]; 

