shuru=[5.0054   30.7233   88.3853  177.3340  288.5152  437.4341
    5.0051   30.7177   88.2851  176.8692  286.9223  433.1736
    5.0049   30.7122   88.1764  176.3022  284.9831  428.1220
    5.0046   30.7076   88.0599  175.6330  282.7075  422.3486
    5.0043   30.7020   87.9367  174.8244  280.1351  416.0188
    5.0056   30.7354   88.3525  177.1481  288.4261  435.9386
    5.0055   30.7298   88.2601  176.6554  286.8233  431.6521
    5.0053   30.7252   88.1610  176.0699  284.8643  426.6526
    5.0050   30.7196   88.0561  175.3542  282.5689  421.0444
    5.0050   30.7196   88.0561  175.3542  282.5689  421.0444
    5.0058   30.7400   88.3256  176.9529  288.3371  434.7387
    5.0056   30.7344   88.2409  176.4417  286.7145  430.5304
    5.0054   30.7298   88.1514  175.8282  284.7357  425.7048
    5.0052   30.7242   88.0580  175.0753  282.4205  420.3836
    5.0049   30.7187   87.9617  174.1831  279.7789  414.7668
    5.0058   30.7409   88.3082  176.7949  288.2579  433.9649
    5.0057   30.7363   88.2312  176.2651  286.6155  429.9218
    5.0055   30.7317   88.1514  175.6237  284.6170  425.3744
    5.0052   30.7261   88.0686  174.8430  282.2721  420.4706
    5.0049   30.7196   87.9858  173.9228  279.6107  415.4102
    5.0058   30.7418   88.3015  176.6926  288.1887  433.6779
    5.0057   30.7372   88.2322  176.1442  286.5265  429.8870
    5.0055   30.7317   88.1610  175.4750  284.5081  425.7135
    5.0053   30.7261   88.0897  174.6850  282.1435  421.3227
    5.0049   30.7187   88.0195  173.7462  279.4623  416.9144
    5.0058   30.7437   88.3082  176.6554  288.1392  433.8953
    5.0057   30.7391   88.2466  176.0978  286.4572  430.4261
    5.0055   30.7335   88.1841  175.4192  284.4191  426.7047
    5.0052   30.7270   88.1234  174.6106  282.0347  422.9051
    5.0049   30.7196   88.0657  173.6625  279.3337  419.2098
    5.0058   30.7483   88.3313  176.6926  288.0996  434.5909
    5.0057   30.7428   88.2765  176.1256  286.4078  431.5042
    5.0055   30.7363   88.2226  175.4471  284.3498  428.2959
    5.0052   30.7298   88.1716  174.6385  281.9456  425.1310
    5.0049   30.7215   88.1254  173.6997  279.2248  422.1834
    5.0058   30.7539   88.3727  176.8228  288.0699  435.7560
    5.0056   30.7483   88.3246  176.2558  286.3682  433.0867
    5.0054   30.7428   88.2794  175.5773  284.3004  430.4087
    5.0052   30.7354   88.2370  174.7686  281.8863  427.8959
    5.0048   30.7270   88.2004  173.8484  279.1556  425.6874
    5.0059   30.7400   88.3390  176.6833  288.1491  436.5559
    5.0057   30.7335   88.2861  176.0885  286.3979  434.1475
    5.0056   30.7270   88.2380  175.3914  284.2806  431.8781
    5.0054   30.7187   88.1947  174.5734  281.8170  429.8870
    5.0051   30.7094   88.1571  173.6533  279.0368  428.2872
    5.0059   30.7409   88.3333  176.6369  288.1095  436.6863
    5.0058   30.7344   88.2871  176.0606  286.3484  434.7213
    5.0056   30.7279   88.2457  175.3821  284.2212  432.9824
    5.0054   30.7196   88.2101  174.6013  281.7478  431.5564
    5.0052   30.7094   88.1822  173.7183  278.9676  430.5304
    5.0059   30.7428   88.3362  176.6369  288.0798  436.9906
    5.0058   30.7372   88.2957  176.0792  286.3187  435.4256
    5.0056   30.7298   88.2611  175.4285  284.1817  434.1214
    5.0054   30.7215   88.2332  174.6943  281.7082  433.1389
    5.0053   30.7113   88.2110  173.8670  278.9181  432.4954
    5.0060   30.7465   88.3487  176.6740  288.0699  437.4515
    5.0058   30.7400   88.3140  176.1442  286.2890  436.2168
    5.0057   30.7335   88.2851  175.5401  284.1619  435.2343
    5.0055   30.7242   88.2620  174.8430  281.6884  434.5213
    5.0053   30.7140   88.2466  174.0808  278.9082  434.0431
    5.0060   30.7511   88.3708  176.7670  288.0600  438.0601
    5.0059   30.7446   88.3410  176.2651  286.2890  437.0515
    5.0058   30.7372   88.3169  175.6981  284.1520  436.2516
    5.0055   30.7289   88.2996  175.0661  281.6884  435.6256
    5.0054   30.7177   88.2880  174.3689  278.9280  435.0604
    5.0061   30.7632   88.5200  177.5663  288.1788  441.0772
    5.0059   30.7558   88.4805  177.0365  286.3979  440.2164
    5.0058   30.7474   88.4478  176.4603  284.2707  439.1296
    5.0054   30.7261   88.4035  175.1683  279.0665  436.1212
    5.0054   30.7261   88.4035  175.1683  279.0665  436.1212
    5.0061   30.7687   88.5527  177.6779  288.1788  440.9642
    5.0058   30.7539   88.4892  176.6833  284.3103  438.7731
    5.0057   30.7437   88.4671  176.1164  281.8764  437.2515
    5.0055   30.7326   88.4507  175.5401  279.1457  435.4169
    5.0062   30.7761   88.5989  177.8545  288.1986  440.8598
    5.0060   30.7697   88.5672  177.4176  286.4572  439.7904
    5.0059   30.7613   88.5421  176.9529  284.3696  438.4166
    5.0057   30.7511   88.5219  176.4603  281.9555  436.7298
    5.0056   30.7391   88.5065  175.9676  279.2644  434.7213
    5.0060   30.7483   88.4834  177.7150  288.1689  440.2425
    5.0059   30.7400   88.4372  177.2410  286.4177  438.9904
    5.0058   30.7307   88.3968  176.7484  284.3400  437.3906
    5.0056   30.7196   88.3631  176.2558  281.9555  435.3473
    5.0054   30.7066   88.3342  175.7724  279.2941  432.4346
    5.0061   30.7502   88.4805  177.6965  288.1887  439.9816
    5.0060   30.7428   88.4372  177.2782  286.4671  438.5905
    5.0058   30.7335   88.4007  176.8506  284.4290  436.7646
    5.0057   30.7224   88.3689  176.4417  282.0841  434.0344
    5.0055   30.7094   88.3390  176.0420  279.4623  430.2783
    5.0061   30.7539   88.4873  177.7150  288.2183  439.7382
    5.0060   30.7465   88.4478  177.3526  286.5364  438.2079
    5.0059   30.7372   88.4132  176.9901  284.5279  436.0081
    5.0057   30.7261   88.3814  176.6462  282.2326  432.5389
    5.0056   30.7131   88.3506  176.3394  279.6799  428.2176
    5.0061   30.7585   88.5036  177.7801  288.2678  439.5208
    5.0060   30.7502   88.4671  177.4548  286.6155  437.8514
    5.0059   30.7409   88.4334  177.1574  284.6566  435.1995
    5.0058   30.7307   88.4007  176.8878  282.4205  431.2086
    5.0056   30.7177   88.3670  176.6554  279.9273  426.4352
    5.0062   30.7632   88.5316  177.8731  288.3272  439.3382
    5.0060   30.7558   88.4959  177.6035  286.7145  437.5558
    5.0060   30.7465   88.4623  177.3618  284.8149  434.5735
    5.0058   30.7354   88.4276  177.1574  282.6283  430.1913
    5.0057   30.7224   88.3910  176.9901  280.2043  425.0527
    5.0061   30.7697   88.5681  178.0125  288.3964  439.1904
    5.0062   30.7622   88.5335  177.7894  286.8332  437.3210
    5.0059   30.7530   88.4998  177.5942  284.9831  434.2344
    5.0059   30.7418   88.4632  177.4455  282.8757  429.5827
    5.0057   30.7289   88.4218  177.3340  280.5209  424.1919
    5.0063   30.7761   88.6153  178.1984  288.4756  439.0774
    5.0061   30.7687   88.5816  178.0125  286.9618  437.1471
    5.0061   30.7595   88.5460  177.8638  285.1809  434.2170
    5.0059   30.7493   88.5065  177.7522  283.1428  429.4697
    5.0058   30.7363   88.4603  177.6872  280.8672  423.9572
    5.0062   30.7836   88.6731  178.4121  288.5745  438.9904
    5.0062   30.7761   88.6384  178.2634  287.1201  437.0167
    5.0067   30.7715   88.6124  178.1798  285.4184  434.4344
    5.0066   30.7613   88.5691  178.1054  283.4495  429.9653
    5.0065   30.7483   88.5181  178.0682  281.2729  424.4876
    5.0063   30.7910   88.7395  178.6817  288.6735  438.9383
    5.0062   30.7845   88.7048  178.5609  287.2784  436.9124
    5.0061   30.7761   88.6644  178.4772  285.6262  434.3996
    5.0060   30.7659   88.6172  178.4214  283.7463  430.8608
    5.0059   30.7530   88.5604  178.4029  281.6587  425.6874
    5.0063   30.8002   88.8165  178.9884  288.7922  438.9209
    5.0063   30.7938   88.7799  178.8862  287.4565  436.8515
    5.0062   30.7845   88.7375  178.8211  285.8834  434.3300
    5.0061   30.7752   88.6865  178.7839  284.0926  431.3477
